960
1305 1
1308 1
1316 1
1321 1
1322 1
1428 1
1522 1
1538 1
1591 1
1595 1
1609 1
1856 1
1861 1
1903 1
2237 2
2258 1
2261 1
2364 2
2446 3
32717 1
32751 3
34229 5
35454 1
35463 1
35465 8
35470 9
35472 30
35475 1
35480 1
35481 2
35482 28
35483 1
35486 13
35490 1
35491 24
35493 1
35494 12
35497 16
35498 2
35499 45
35500 31
35501 46
35507 1
35510 21
35564 1
35565 1
35584 1
35585 4
35598 4
35618 11
35620 30
35623 29
35633 7
35636 36
35638 20
35644 7
35654 1
35659 1
35662 4
35663 7
35665 13
35666 6
35669 8
35671 1
35673 12
35677 16
35678 1
35683 2
35684 12
35686 103
35687 12
35702 12
35712 10
35724 10
35766 6
35769 1
35770 1
35774 2
35776 61
35777 3
35778 1
35779 1
35782 7
35788 6
35793 3
35795 2
35797 8
35798 7
35802 51
35803 8
35804 2
35806 35
35814 1
35815 40
35816 9
35818 1
35819 5
35820 13
35831 3
35832 8
35833 5
35837 1
35846 14
35847 58
35849 3
35850 56
35851 7
35852 6
35854 102
35855 41
35858 35
35859 1
35861 7
35868 88
35870 73
35871 59
35872 18
35875 8
35876 1
35879 54
35881 1
35882 1
35883 4
35884 1
35885 5
35886 1
35887 1
35889 2
35890 21
35891 1
35893 16
35896 1
35898 114
35900 5
35909 2
35910 14
35911 8
35914 15
35915 50
35916 38
35917 45
35920 27
35922 30
35923 2
35925 19
35926 3
35927 1
35929 18
35930 2
35933 108
35934 8
35935 11
35937 2
35939 72
35940 6
35941 9
35946 8
35947 6
35956 8
35957 33
35959 12
35960 17
35965 20
35966 21
35968 20
35969 14
35970 3
35972 15
35984 18
35994 8
35995 15
35997 3
35999 1
36006 53
36008 2
36011 6
36012 5
36014 30
36018 7
36019 47
36024 21
36026 1
36030 39
36031 3
36033 17
36035 2
36041 3
36048 15
36052 9
36054 3
36056 7
36059 9
36065 1
36067 21
36068 5
36070 3
36073 2
36083 13
36085 9
36099 2
36100 1
36102 6
36103 1
36108 1
36117 10
36119 1
36120 1
36121 4
36123 2
36125 16
36129 1
36132 3
36135 7
36140 16
36142 2
36152 39
36153 14
36157 7
36160 4
36165 9
36168 67
36169 1
36173 2
36189 48
36191 63
36198 1
36204 16
36207 26
36208 2
36209 1
36211 57
36217 4
36220 6
36221 1
36223 16
36225 47
36227 66
36229 1
36233 4
36234 1
36235 4
36236 3
36237 8
36238 1
36239 3
36240 9
36241 6
36242 6
36246 43
36248 6
36257 14
36258 4
36260 1
36261 2
36264 39
36265 3
36266 3
36267 3
36268 26
36273 5
36274 2
36275 12
36276 14
36277 4
36278 4
36280 9
36284 18
36286 5
36287 3
36288 4
36289 5
36290 21
36292 1
36293 2
36295 6
36296 6
36297 16
36300 2
36304 3
36308 1
36311 5
36319 6
36321 119
36324 3
36326 7
36336 1
36338 3
36341 27
36342 19
36347 1
36349 3
36353 3
36354 1
36355 3
36358 2
36362 4
36366 1
36372 2
36373 5
36379 33
36381 1
36382 15
36384 9
36388 12
36391 6
36393 8
36394 5
36396 3
36400 127
36402 45
36403 207
36406 7
36407 1
36408 1
36409 7
36410 3
36412 7
36413 3
36420 13
36421 8
36425 5
36428 12
36430 5
36431 28
36435 12
36436 29
36439 2
36449 2
36607 1
36711 4
36714 2
36730 16
36732 2
36738 3
38128 56
39560 53
39561 3
39562 2
39564 7
39565 13
39570 3
39590 4
39777 1
39783 1
39792 7
39810 2
39812 1
39814 2
39819 1
39821 1
39825 1
39830 1
39832 2
39833 5
39840 1
39841 4
39852 1
39857 1
39860 8
39861 1
39862 1
39867 2
40362 1
40365 1
40366 2
40370 3
41799 3
41813 39
41897 2
42239 22
42675 7
42915 7
43166 1
43550 5
43552 15
43955 1
43956 2
43957 10
43971 1
43986 2
43989 2
44001 2
44006 4
44013 1
44015 1
44027 14
44031 1
44034 1
44091 69
46418 24
46419 12
46420 8
46421 45
46422 15
47612 15
47616 8
47617 1
47618 1
47623 2
48575 1
48577 6
48578 3
48579 4
48581 1
48582 1
48584 1
48663 1
48665 1
48718 12
48747 1
48770 51
48785 1
48939 16
55805 1
55806 4
55812 1
55813 12
55821 2
56198 1
56199 3
56253 103
56254 146
56255 49
56256 80
56257 66
56258 58
56259 131
56260 72
56261 39
56262 33
56264 76
56265 75
56266 47
56267 30
56268 60
56269 88
56270 68
56271 130
56272 72
56273 12
56274 45
56309 2
56310 2
56311 1
56313 1
56314 1
56382 3
56383 4
56384 9
56410 3
59043 4
59044 4
59045 10
59046 15
59047 6
59048 4
59049 4
59050 7
59051 8
59052 8
59058 18
59157 3
59328 1
59339 26
59415 27
59710 85
59712 65
59713 5
59714 98
59716 11
59717 8
59942 36
59944 1
59948 1
59949 1
59950 4
59953 6
59954 1
59956 5
59957 1
60005 2
60008 1
60009 2
60013 5
60015 2
60021 4
60023 2
60026 5
60028 2
60029 2
60032 3
60035 2
60038 2
60039 2
60082 2
60143 11
60157 1
63671 7
63673 1
63683 1
63728 1
65000 1
65001 1
65005 1
65027 1
65028 1
65035 3
65060 4
65068 3
65069 1
65073 1
65078 6
65079 1
65080 2
65093 1
65095 1
65102 4
65109 6
65113 1
65124 4
65131 2
65132 2
65138 3
65614 1
65906 70
66217 5
66220 2
66222 2
66227 1
66232 1
66236 2
66238 1
66239 1
66241 1
66243 2
66245 64
66246 7
66247 1
66253 1
66255 1
66256 3
66258 2
66261 2
66262 2
66263 2
66264 7
66267 3
66268 1
66269 1
66270 7
66271 2
66273 1
66286 11
66287 10
66289 1
66290 2
66479 1
66489 4
66511 1
66531 1
66535 4
66548 2
66556 1
66560 1
66585 1
66591 1
66611 1
66632 1
66672 1
66677 1
66701 2
66751 3
67472 17
67809 1
67825 36
67831 3
67832 2
67833 4
67873 8
68191 2
68195 1
68200 1
68212 11
68213 7
68218 1
68219 2
68221 1
68226 4
68231 2
68233 2
68269 18
68271 1
68280 2
68312 1
68326 10
69190 26
69224 1
69430 1
69479 5
69480 4
69494 22
69495 1
69788 3
69789 1
69792 32
69793 63
69841 9
69842 1
69844 18
69879 3
69999 3
70001 1
70020 3
70504 2
70506 1
70510 1
70513 1
70903 1
70905 1
70908 2
70981 1
71017 2
71025 1
71035 1
71040 2
71041 1
71049 2
71067 2
71071 1
71074 11
71075 1
71091 1
71092 1
71093 4
71098 8
71173 1
71193 2
71194 3
71195 6
71196 5
71197 20
71198 7
71199 20
71200 11
71202 2
71203 3
71205 7
71206 24
71271 1
71526 1
71529 3
71531 1
71702 40
72205 3
72208 3
72209 1
72214 3
72220 2
72221 5
72222 12
74269 1
74270 1
74272 1
75073 5
77530 3
77531 1
77536 2
77540 1
77541 4
77542 2
77546 7
77661 7
77662 5
77671 18
77672 26
77674 1
77780 1
77790 1
77811 2
77870 17
77874 3
78281 7
79655 1
79706 4
80090 1
80091 2
80092 1
80100 1
80128 7
80267 1
80268 5
80269 4
80310 1
80998 18
80999 3
81005 1
85008 2
85310 1
89312 2
89316 4
89317 4
89318 17
89323 5
89326 1
89386 1
89389 3
89390 2
89521 10
89522 7
89523 15
89524 5
89545 1
89557 2
89559 1
89562 3
89563 4
89564 6
89566 1
89567 4
89569 3
89570 4
89678 8
89679 2
89682 1
89685 1
89688 1
89694 3
89704 2
89706 2
89718 2
89723 2
89727 3
89728 1
89729 3
89734 12
89735 1
89744 10
89745 4
89746 3
89747 3
89748 1
89750 2
89751 1
89752 1
89760 1
89777 8
89780 6
89781 3
89782 2
89795 1
89803 1
89806 1
89807 2
89808 1
89817 6
89818 4
89819 8
89820 3
89821 1
89822 1
89824 7
89825 6
89858 2
91750 1
91754 1
91755 1
91761 1
91762 3
91765 1
91766 7
91782 1
91783 4
91840 1
91845 7
91886 5
91925 2
91929 1
91932 1
91939 1
91940 2
91941 4
91942 1
91951 3
91952 1
91953 1
91958 10
91959 13
91964 7
91965 2
91966 3
91968 1
91979 2
92011 1
92012 1
92016 1
92017 7
92019 1
92021 1
92025 1
92028 14
92030 12
92031 1
92032 2
92034 1
92049 4
92053 2
92055 11
92058 3
92059 1
92060 1
92061 2
92062 1
92069 1
92074 8
92076 3
92087 14
92088 12
92090 1
92101 1
92102 6
92104 2
92113 3
92120 4
92126 2
92133 5
92147 1
92152 5
92153 1
92154 5
92166 1
92173 3
92177 1
92178 6
92179 1
92181 4
92182 6
92183 2
92184 7
92185 3
92186 1
92187 2
92189 1
92191 4
92192 1
92194 2
92201 1
92204 1
92210 7
92211 8
92215 1
92237 1
92260 1
92274 2
92275 5
92278 1
92279 1
92290 1
92291 3
92301 2
92306 1
92323 11
92325 9
92327 5
92328 2
92343 3
92362 2
92363 4
92366 11
92368 1
92380 5
92382 1
92387 2
92395 9
92396 1
92412 1
92433 1
92447 14
92449 4
92450 2
92452 2
92460 1
92463 1
92481 3
92707 5
92708 3
92710 5
93809 1
93819 2
93822 1
93835 3
93842 1
93866 2
94142 12
94368 2
94371 5
94708 3
94897 2
94898 6
94899 1
95049 14
95268 5
95272 2
95368 1
95408 5
95613 11
95615 26
96308 3
96915 11
96916 2
96917 4
96919 1
96920 2
96924 1
96925 2
96926 1
96927 1
97285 1
97287 1
97303 13
97360 2
97460 1
97808 2
97811 1
97884 1
98003 2
98189 3
98191 6
98192 4
98197 8
98198 2
98199 1
98202 1
98319 8
98349 2
98880 1
98884 1
98885 2
98887 1
98902 1
98903 2
98911 1
98915 1
99259 1
99311 20
99843 2
100581 2
100585 2
100587 1
100590 3
100816 2
100882 1
100913 2
100933 1
101098 5
101100 1
101102 2
101124 1
101127 1
101128 1
101180 1